5511955553773
5517988100304
5517996099148
5517992370469
5513991717887
5513981226885
5519991590837
5511995683715
5519989073069
5518996920480
5519993191292
5518991086267
5518997407647
5516992844929
5513997246072
5513988772868
5512997697645
5518997593897
5514996303529
5511945734875
5511949929900
5511959106652
5562985466767
5517991849087
5517997143881
5514997852710
5519996973969
5517996042483
5515996668164
5515998043536
5515997014273
5516982582008
5591999648755
5516988752377
5516996242607
5511942113656
5511964835679
5511999704967
5511998761660
5511998773938
5511971689881
5516981184740
5511989350836
5513996881732
5515997498817
5511999172191
5511963101251
5581985347173
5511976468659
5511953065255
5515996274991
5515988138215
5511981946742
5512987030374
5512991043629
5512996704671
5511984845490
5514997867161
5515997415919
5515997479608
5512997327687
5511989738847
5512996052245
5512996236942
5535998197947
5511961950223
5512991144401
5579999219797
5515997607988
5511953006423
5511978018980
5519991594181
5511999392113
5513981606548
5581983393065
5514998636996
5515991905809
5515998465731
5519989785705
5518991578045
5518997083416
5517997475662
5514997182563
5511975110973
5516991075508
5516997425558
5516992415280
5516992529420
5512996672125
5512997484010
5515996322458
5511964251267
5514998105133
5519999960881
5515996079455
5511993766965
5511996703097
5511999604440
5516981221848
5517991163488
5517997031672
5517992078148
5517991098589
5513981010248
5513988374882
5519996628828
5511963747938
5515998557148
5511962803038
5516991112308
5515998161942
5511979998204
5517996187774
5511974480036
5511992131245
5512996404681
5516992031652
5516992998478
5511962828588
5511998247089
5512996559208
5512992357651
5512996460130
5514981120691
5513992054972
5511989444046
5592995188778
5515997902247
5515991297935
5511958502642
5519998000076
5511983183588
5511950417355
5519991047539
5515997531781
5519981208176
5535988419034
5515997715114
5515997514619
5511946154085
5519991970931
5511964364499
5562999051866
5511961239146
5519988073612
5511967195853
5511944987244
5512988486210
5515998093105
5515997810889
5511986223769
5518996567334
5518996250512
5511953021195
5535999906956
5511951586509
5519993533005
5511995185472
5511992887481
5512988520756
5516988364439
5511996900367
5518997271035
5517996770050
5518997908599
5518996156379
5517997142539
5514998176409
5519994904702
5512996142522
5519989615272
5515998250141
5519998513553
5519981122700
5516992175564
5516991585174
5516991940354
5516991299690
5518991545177
5511995323122
5518988043011
5513988198769
5512981825212
5511943429683
5511970329111
5511975236192
5511963287724
5518988225238
5514996819600
5515981423158
5515996987950
5511987086443
5515997422906
5511988771250
5511945289898
5511991286799
5516994127417
5517996329277
5511972212678
5511987500591
5512996022114
5512996253426
5512981416931
5512987087559
5511945570160
5515996821899
5515988282406
5515996639804
5512996504951
5512981857835
5514998924269
5517991184041
5513997124371
5519994708075
5514996837802
5513996211047
5513996330932
5513988345542
5513991552094
5513996783592
5513992013544
5513991779704
5513997894348
5513991950210
5512997763742
5515997743923
5511972854239
5519989960074
5511988050892
5515996905681
5513988483634
5511980126631
5511963287532
5511972485707
5511941173577
5517991839888
5515996831036
5515991255165
5515997260803
5516999631120
5516991939414
5516993471162
5511931436371
5511948210829
5511983485727
5515996421482
5519993831108
5511959135950
5519998724830
5519998050244
5517992038023
5517988080483
5516997032323
5511962659821
5511998237008
5541992453755
5513996138001
5512991387688
5517997477398
5512981461895
5513997055690
5512997099032
5515996317514
5514981948941
5511974254277
5511956044896
5519997364487
5511957475725
5517991375562
5513996234030
5518997281167
5518996640380
5519994335594
5515988174262
5516993546614
5516991560497
5516994250591
5516997346177
5511999480552
5515996777065
5511989021103
5512991728346
5512997787612
5511994607208
5511933555401
5531995615461
5519993162182
5519993728946
5511954010887
5519971499252
5517997452060
5519991559206
5517996645348
5519998095833
5516993897925
5511993819531
5511943733303
5512997578494
5512997189448
5515988282003
5511996303664
5517992275021
5511957023343
5511964593057
5511971944395
5519993044804
5517992541935
5519981119089
5516992929456
5516991304247
5518997049343
5518996710886
5513988093355
5514988364651
5511941462787
5516982423208
5511956372963
5511953184024
5515997816057
5519981981454
5519988008543
5515996180340
5515988003455
5516992950419
5592993158492
5517992633318
5517991038056
5513996605834
5518988264137
5513988228979
5513997946931
5516992848858
5511981831913
5512988003641
5512988374827
5587992024486
5515997827914
5511977833833
5511964129530
5511969791396
5511976811533
5519998264509
5518996611451
5519982441120
5531997140886
5511933096294
5513988184781
5511963700066
5512988932758
5514998606078
5517981657292
5514996341335
5517996166130
5513996853088
5516997381094
5513997866212
5519991774877
5511963876804
5514991670435
5519988899114
5516997545332
5515996805838
5519993348381
5519996336619
5511976462166
5511941522630
5517988054595
5514991718561
5518997200443
5512996798578
5512982491644
5512991453333
5512988501127
5514998286005
5515996023037
5515996111947
5516999932308
5518996402453
5519993062486
5519995841003
5511950512445
5511971989384
5518996217568
5513997436685
5519991197428
5513997714949
5515991135720
5511943746661
5511996521986
5517991063247
5517991386545
5516992163543
5514997728072
5511996093887
5515988000751
5511980005499
5513981029761
5512988073506
5519981615082
5512996199393
5517997293072
5511993193655
5511965187425
5511944633991
5511967513566
5511994162140
5517997172306
5511994081646
5511943726270
5511973150676
5532984313268
5511991935201
5511998875627
5512991347796
5511988269815
5511958396865
5511981711172
5511941928855
5513981471702
5595991710905
5511974336083
5519992103840
5511971794513
5512987057899
5514996237255
5511973574279
5511950533123
5512988486518
5524998321279
5524988029691
5519996612966
5511995233496
5511932251590
5517996124645
5514996960402
5517991650907
5519987555582
5519996728887
5519993405486
5511943530761
5514998859952
5511970599055
5511994344812
5517981386719
5512981882996
5518998160048
5516991111792
5516992382455
5517991150721
5515997884561
5519988914158
5511997824377
5511968641945
5518997155957
5518996419510
5514997389870
5514998857281
5511983237023
5511970832949
5511961893438
5511979944756
5511996687449
5532910101362
5515981299831
5521967410298
5511994799100
5514998365691
5511972392524
5514997223551
5513997506998
5516991695031
5512997596209
5511952248756
5511981444134
5511982421569
5511976150285
5511999958120
5511957569728
5511965405843
5511985385687
5511953035642
5521968300592
5511974044797
5511964164455
5514998104342
5516981131407
5516997679285
5514996843093
5511995496011
5511971653532
5515991245586
5518991248008
5511984177899
5511932933431
5518996282575
5511943299062
5511984042532
5519981589498
5516988398098
