5582996762055
5546988133758
5521996169484
5511963708841
5586994434455
5542984397828
5517981350558
5516988296725
5541988730110
5514996847444
5511992403305
5528999819042
5521986458448
5551985744492
5544999497663
5511961638142
5512991035388
5511967510128
5585999989979
5575998541793
5511964666690
5551985401350
5581993293028
5548991880613
5547992217088
5514991300960
5521980264327
5562991084143
5528988170587
5513981358055
5551991590932
5591985231340
5519999328906
5524999639057
5511999489594
5542999254021
5519992176849
5551986520009
5511983754035
5527999028913
5511995142398
5527981449765
5516992857742
5524999732226
5513996072693
5551980571468
5511996104271
5515997393527
5584991384797
5511968333301
5549998414699
5512991887860
5584999721951
5511999619388
5511996544011
5548984745359
5519996224875
5571985221339
5581982627424
5549998369094
5541992164613
5531988423864
5551982049800
5517996180860
5518996776922
5513991709100
5595991514747
5567992300916
5571986714593
5531992942277
5599981320558
5511952538190
5551999494770
5521969920447
5534999100069
5511950335227
5599996471830
5511945116046
5569992796395
5531991032313
5511932541034
5511998409529
5511974465281
5521974022695
5527996266557
5511948069123
5521965291790
5512997660450
5518991046971
5537998238999
5519982968080
5511986017509
5511969697194
5589981036199
5519998179042
5593992124680
5547991765252
5527999857216
5582993244796
5512991375236
5588996707830
5511958168601
5582999542739
5531988865422
5512981574384
5543999826711
5544991087598
5527999866543
5584994411454
5573988816412
5517997599104
5511988104603
5548999009939
5511982862879
5511972177431
5511988491778
5511967413926
5516999895045
5516992399137
5531992408338
5532988989359
5534991826444
5511980333494
5517991276218
5533988111630
5516993196771
5517997085670
5511955994483
5531989629846
5562991076937
5521976922587
5555996701442
5547991996644
5521995953492
5562985121567
5516992878379
5519996319644
5518996892727
5548996569050
5553999935134
5548984476185
5528999754182
5511981196165
5511967327988
5511985474888
5511998493506
5571985006108
5554981498788
5521993258190
5551995409852
5521988249230
5511942060363
5512996570446
5527999000961
5515997942525
5588997287095
5581991478050
5581987610534
5521994334832
5521969600974
5582987318033
5511984854879
5511976629452
5551998248193
5511986396953
5521985477515
5527999508587
5513996025019
5541997764673
5551996930528
5521991371815
5532988650382
5547996488668
5571997150133
5521975111529
5511979902434
5516981686010
5524998187657
5527998624178
5577999243601
5515991283406
5515988264315
5567991523431
5511971828911
5583999753995
5511973782719
5521987727266
5554999718800
5531988690776
5541996518779
5521987744539
5511946099522
5511971891305
5514991086402
5513981333136
5598986019805
5582991753132
5522999590267
5527998337891
5517997133020
5511969321310
5512988669781
5519971551937
5582981601087
5581988270882
5521989052847
5515996429085
5522988471915
5511967474387
5511963727978
5591988859688
5527999754600
5515988102894
5566999233209
5584981812031
5527996188751
5571988477867
5531987955684
5514997756603
5511967553129
5564996066330
5522997254668
5511964196243
5543984190375
5515991027584
5511943340387
5541999774150
5519971105829
5521981822488
5531994519438
5531986834797
5514997995297
5511947595595
5511949591305
5531995606327
5544999223527
5512988961479
5541999289123
5516991587460
5514996333813
5568999611686
5591981218776
5531998134163
5512991095281
5547999873230
5518997839650
5511998759588
5541998992257
5511954818644
5534988417350
5516991696140
5581991206770
5521995086929
5514996412319
5588988082061
5514997765434
5555991382432
5521984518081
5527981331160
5521987738486
5571983856741
5521999643097
5527996178730
5515988070317
5511995520217
5599984206645
5583988782945
5519994332286
5541987151616
5547999789851
5522999722095
5589994578358
5511995914659
5554984115416