5531993849900
5511983834805
5581991647678
5511979587334
5516997161661
5582988763545
5521969766492
5511966039709
5511992024435
5511981828862
5513991243383
5585988583538
5551999840027
5511967061997
5519997953120
5571988425765
5517991534422
5531985785373
5513982149938
5513996416061
5513997717966
5511987150435
5521995906799
5512997177064
5521992677966
5511941236878
5581999115103
5511999742938
5511961898294
5581995964231
5535992428622
5511989634132
5511993343780
5577999336362
5549999946070
5511981594993
5511980981652
5521980852218
5512996864565
5591991046838
5584994513652
5571991181940
5511964643919
5562999772880
5568992821435
5583996854028
5582999823394
5511974061589
5512992455419
5511992950620
5511974746262
5511970642089
5521993502332
5512997850140
5511973609634
5519991271781
5584999858980
5521974578497
5541984026583
5561984650005
5534992353433
5584991252112
5535988776818
5554996158526
5519996222529
5521997438178
5548999279852
5563981298182
5519992543522
5519995176787
5511987368383
5514997220697
5544984569017
5521988038665
5511996123040
5541991196058
5585996039139
5511963088058
5519996044838
5512991114438
5585996498212
5585988622616
5511996665810
5512981481682
5511961906280
5531991619138
5581984643721
5519993960851
5519974044011
5519997744521
5547988991822
5521988030448
5541985158391
5519991126322
5519982991008
5511953288945
5537988388024
5521983288662
5511983445751
5511985515584
5516981462299
5521971905210
5561991698834
5519991986571
5521982217588
5511989021103
5512997640996
5511983534444
5511982001699
5511985858510
5511983268220
5511999455328
5521999360899
5521973399798
5551994558388
5511992820896
5521976579693
5511974211967
5511991854935
5583988733646
5511981349292
5511999842210
5511999073385
5514996419142
5581988826776
5521996119756
5511981202047
5551992413842
5518997442001
5511996413340
5521972161525
5521999728689
5534991425073
5596981004890
5513988051580
5581985540752
5513997943098
5565981609999
5513988676285
5513997080345
5551999889322
5543984529380
5511989892201
5513997152155
5517997277079
5585988468516
5517988035204
5521999592848
5511943398607
5512991901003
5543988406971
5521988629148
5512997575789
5512991740850
5537998351210
5562991788253
5513988707765
5581981096101
5511983932348
5571981068986
5573991543176
5571999789425
5511953918273
5543999308725
5511946070725
5511999364913
5571999151606
5518981954996
5571992442245
5567996478823
5534991637550
5512981814797
5551999065633
5512981777338
5512982306252
5512982331114
5591988161609
5592981121290
5512991889600
5548991300100
5516981164877
5538997300670
5511983164525
5521994689297
5551999614035
5516997746317
5511974233788
5596999036381
5531996227520
5524999436822
5531983959792
5511972062722
5511998192524
5585991387505
5511985422872
5521964182209
5516996076147
5516999916971
5551999684618
5516999715001
5531999875150
5554991824545
5521987578798
5521988659934
5553984771716
5561991743442
5585999969095
5516999951598
5516981147400
5583988778105
5521992174468
5519991998193
5521999994046
5571985224669
5517981366989
5521982719633
5521987904263
5583996761512
5513997381788
5533999813115
5511945818231
5581995188772
5521968922428
5551991411163
5521995260474
5511950205577
5512981948707
5512991118625
5561992016832
5511971044338
5511948701201
5581991537899
5512992034545
5561993179661
5554999833754
5512997076734
5512991843262
5516992444927
5514999057293
5512997787060
5511989977658
5512981181602
5519991690406
5571991877714
5513997785604
5564996271787
5551996236826
5541991081961
5583988826939
5511980802254
5584999913995
5561999749898
5511961220780
5553991806637
5511994817972
5553991749490
5591988648397
5519993338039
5596981024606
5511999778072
5511998466933
5551998311278
5562981073658
5517991202002
5521997091057
5511988600017
5521996933234
5582988173570
5521987778706
5511981225053
5511974004359
5581999750507
5521987668009
5565996797752
5511947487310
5511966067914
5565992279463
5521997311337
5541999611771
5511997340213
5541991535116
5521968741173
5511930170125
5592994554334
5531986506143
5511974697122
5511983549085
5521999556220
5561992870069
5561996181624
5571999225471
5516999915178
5516993018938
5511996294022
5521988806003
5521971177918
5511996355787
5521976578088
5521996120348
5511940190612
5511931129000
5519981923207
5511997664832
5531999158001
5551995337279
5511981634370
5514996207057
5516991205100
5511999287418
5511984898822
5511983897297
5511976057838
5571988126700
5511964226891
5511986164597
5521981753600
5511983090022
5585985751383
5573999855062
5541995203772
5513988151950
5534996840652
5585989234399
5511950292413
5541991198860
5515997770041
5521980207357
5511983874510
5524999698519
5511997344411
5551995094954
5519993774010
5534991405764
5515996845014
5551982714752
5511996729769
5571991647877
5512991468991
5511986620209
5511998249165
5553991574740
5521988775529
5511999771828
5511988907439
5511970892880
5521999790716
5519991873760
5511994420965
5511974761825
5521981234462
5565984091909
5511966686148
5521998654489
5551997071090
5516981134768
5581999741127
5511999600905
5511975787055
5519996171904
5519981217812
5516997298625
5581979005673
5521973259058
5511989567133
5584981060663
5511984744614
5581988982180
5511970591467
5511972680661
5511994324921
5511995586571
5511991426100
5516993137474
5519997745225
5583987231291
5551996047608
5519993794360
5511996103618
5519981430136
5512997918305
5511962258602
5511994687178
5511947327152
5521964272822
5512981320358
5511975014663
5516991182773
5513981087924
5541995578000
5531992177085
5512991444363
5551981194445
5541996431692
5511999017295
5571988095094
5511999946416
5513997176567
5511989141101
5511994454376
5521981060601
5542991167506
5519988294650
5581993374081
5511982760609
5551992503694
5562983400798
5584987188411
5591981827906
5511989653772
5511987780803
5521990178639
5512997396991
5519999821156
5521999984426
5592991265338
5519981070686
5521987906600
5511996994129
5511996681719
5554996693653
5531992119859
5515988236036
5521991817717
5511971887644
5551980224579
5521970179492
5521966702905
5517996125888
5585997917868
5515996930166
5517997672757
5521993747122
5519989582266
5521989392639
5531997110925
5513988823588
5592994949603
5516981166678
5561981311138
5511986139633
5583988988704
5511963158383
5517997249201
5511960659858
5531991750845
5511999323195
5511995485302
5551996245491
5516991684619
5551981867797
5516996130646
5511999129522
5553984159272
5567993514997
5561985834473
5511991516542
5521972288170
5511996746741
5511998576334
5551985169641
5581988032589
5577991038995
5511983188863
5519982248365
5519998219288
5519991410483
5511993722903
5521972521946
5531996338019
5511991527113
5511945704665
5571991027909
5511966698619
5512981852241
5582988089590
5581982741312
5511999778019
5521997757646
5511996419288
5531997202892
5511989362949
5551991516234
5511973043174
5511968410179
5527981538844
5519991311566
5511995547919
5571988078368
5519992396783
5551999156084
5519991616561
5519996523191
5551984192806
5519992585748
5579991911319
5581999499733
5521998644805
5519981974960
5511996440892
5521999969377
5511999951803